FALCON EYE 2            
1 47226U 20090A   22180.78648046  .00000624  00000+0  79517-4 0  9992
2 47226  97.8482 255.3015 0001677  95.0956 265.0451 14.84922121 85298
GEOEYE 1                
1 33331U 08042A   22180.79719521  .00000231  00000+0  52618-4 0  9992
2 33331  98.1122 255.6034 0007889 229.4892 130.5616 14.64527363738170
WORLDVIEW-1 (WV-1)      
1 32060U 07041A   22180.35682681  .00002734  00000+0  11363-3 0  9997
2 32060  97.3916 299.5876 0005432 101.9344 258.2502 15.24636030822208
WORLDVIEW-2 (WV-2)      
1 35946U 09055A   22180.52433495  .00000039  00000+0  27470-4 0  9999
2 35946  98.4868 255.5186 0000975  44.8576 315.2702 14.37674586667649
WORLDVIEW-3 (WV-3)      
1 40115U 14048A   22180.50349138  .00000344  00000+0  46693-4 0  9996
2 40115  97.8544 255.2604 0002533 118.7641 241.3828 14.84885859426926