FALCON EYE 2            
1 47226U 20090A   21309.19628997  .00000321  00000-0  43917-4 0  9992
2 47226  97.8509  22.1549 0001417  86.7142 273.4259 14.84908032 50180
GEOEYE 1                
1 33331U 08042A   21309.18242824  .00000282  00000-0  62496-4 0  9996
2 33331  98.1387  22.1239 0007615 257.9575 102.0797 14.64370616703542
WORLDVIEW-1 (WV-1)      
1 32060U 07041A   21309.06345307  .00004719  00000-0  19464-3 0  9994
2 32060  97.3883  66.6003 0003342 134.2987 225.8525 15.24535767786294
WORLDVIEW-2 (WV-2)      
1 35946U 09055A   21309.23898004 -.00000086  00000-0 -14045-4 0  9999
2 35946  98.4882  21.9242 0000578  26.6514 333.4718 14.37666515633692
WORLDVIEW-3 (WV-3)      
1 40115U 14048A   21309.14820877  .00000396  00000-0  52646-4 0  9995
2 40115  97.8810  21.8946 0003291 103.4342 256.7288 14.85106317391858
